B1 0 2 7
B2 0 18 27
B3 0 41 46
B4 0 59 68
B5 0 80 89
R000100 0 146 248
BB1 0 249 471
BB2 0 472 702
BB3 0 703 955
P000100 0 956 1057
R000200 0 1058 1155
R000300 0 1156 1254
R000400 0 1255 1360
R000500 0 1360 1471
R000600 0 1472 1584
R000700 0 1585 1691
R000800 0 1692 1795
R000900 0 1796 1908
R001000 0 1909 2021
R001100 0 2022 2128
R001200 0 2129 2240
R001300 0 2241 2352
R001400 0 2353 2460
R001500 0 2461 2570
R001600 0 2571 2691
R001700 0 2692 2816
R001800 0 2817 2922
R001900 0 2923 3037
R002000 0 3038 3124